Initialization
X
X[2] : 0
X[1.95106] : 0.05
X[1.80902] : 0.1
X[1.58779] : 0.15
X[1.30902] : 0.2
X[1] : 0.25
X[0.690983] : 0.3
X[0.412215] : 0.35
X[0.190983] : 0.4
X[0.0489435] : 0.45
X[0] : 0.5

Y
Y[2] : 3.81959e-313
Y[1.95106] : 4.24399e-313
Y[1.80902] : 4.66839e-313
Y[1.58779] : 5.09279e-313
Y[1.30902] : 5.51719e-313
Y[1] : 5.94159e-313
Y[0.690983] : 6.36599e-313
Y[0.412215] : 6.79039e-313
Y[0.190983] : 7.21479e-313
Y[0.0489435] : 4.24399e-314
Y[0] : 8.48798e-314

Theta
Th[2] : 0.785398
Th[1.95106] : 0.785398
Th[1.80902] : 0.785398
Th[1.58779] : 0.785398
Th[1.30902] : 0.785398
Th[1] : 0.785398
Th[0.690983] : 0.785398
Th[0.412215] : 0.785398
Th[0.190983] : 0.785398
Th[0.0489435] : 0.785398
Th[0] : 0.785398

